GKS3   MSW          /DEC GKS   Version 6.5 2020/04/20 3 4 3 81214 1 1                    
GKS3  1      12
           0
GKS3 21      12
           1
GKS3 22      12
           1
GKS3 23      14
      1.000000
GKS3 24      12
           1
GKS3 25      12
           1
GKS3 26      12
           3
GKS3 27      14
      1.000000
GKS3 28      12
           1
GKS3 29      12
           1
GKS3 30      24
           1           2
GKS3 31      14
      1.000000
GKS3 32      14
      0.000000
GKS3 33      12
           1
GKS3 37      12
           1
GKS3 38      12
           1
GKS3 39      12
           1
GKS3 40      12
           1
GKS3 42      12
           1
GKS3 43      12
           0
GKS3 44      12
           1
GKS3 45      14
      1.000000
GKS3 46      12
           1
GKS3 41     126
      0.000000      0.000000      0.000000      1.000000      0.000000      0.000000      0.000000      1.000000      0.000000
GKS3 35      12
           0
GKS3 36      24
           0           0
GKS3 34      56
      0.000000      0.035000      0.035000      0.000000
GKS3  0       0
